{
 "cells": [
  {
   "cell_type": "markdown",
   "metadata": {},
   "source": [
    "# Risk Assesment and Management\n",
    "- **Erdem Sirel**\n",
    "- **Gizem Yıldırım**"
   ]
  },
  {
   "cell_type": "code",
   "execution_count": 1,
   "metadata": {},
   "outputs": [],
   "source": [
    "import pandas as pd\n",
    "import numpy as np;\n",
    "import scipy.stats as stats\n",
    "import os"
   ]
  },
  {
   "cell_type": "code",
   "execution_count": 2,
   "metadata": {},
   "outputs": [
    {
     "name": "stdout",
     "output_type": "stream",
     "text": [
      "Current version: 1.0.5 our_version: 1.0.5\n"
     ]
    }
   ],
   "source": [
    "print(\"Current version:\", pd.__version__, \"our_version:\", \"1.0.5\")"
   ]
  },
  {
   "cell_type": "markdown",
   "metadata": {},
   "source": [
    "# Import and process data\n",
    "15 stocks have been chosen randomly from BIST100 index. Weekly price data is imported from investing.com for each stock."
   ]
  },
  {
   "cell_type": "code",
   "execution_count": 3,
   "metadata": {
    "scrolled": true
   },
   "outputs": [
    {
     "data": {
      "text/html": [
       "<div>\n",
       "<style scoped>\n",
       "    .dataframe tbody tr th:only-of-type {\n",
       "        vertical-align: middle;\n",
       "    }\n",
       "\n",
       "    .dataframe tbody tr th {\n",
       "        vertical-align: top;\n",
       "    }\n",
       "\n",
       "    .dataframe thead th {\n",
       "        text-align: right;\n",
       "    }\n",
       "</style>\n",
       "<table border=\"1\" class=\"dataframe\">\n",
       "  <thead>\n",
       "    <tr style=\"text-align: right;\">\n",
       "      <th></th>\n",
       "      <th>Tarih</th>\n",
       "      <th>Şimdi</th>\n",
       "      <th>Açılış</th>\n",
       "      <th>Yüksek</th>\n",
       "      <th>Düşük</th>\n",
       "      <th>Hac.</th>\n",
       "      <th>Fark %</th>\n",
       "      <th>Şirket</th>\n",
       "    </tr>\n",
       "  </thead>\n",
       "  <tbody>\n",
       "    <tr>\n",
       "      <th>0</th>\n",
       "      <td>06.12.2020</td>\n",
       "      <td>21,72</td>\n",
       "      <td>22,14</td>\n",
       "      <td>22,68</td>\n",
       "      <td>21,62</td>\n",
       "      <td>3,54M</td>\n",
       "      <td>-1,90%</td>\n",
       "      <td>AEFES</td>\n",
       "    </tr>\n",
       "    <tr>\n",
       "      <th>1</th>\n",
       "      <td>29.11.2020</td>\n",
       "      <td>22,14</td>\n",
       "      <td>22,46</td>\n",
       "      <td>22,82</td>\n",
       "      <td>20,94</td>\n",
       "      <td>44,57M</td>\n",
       "      <td>-1,51%</td>\n",
       "      <td>AEFES</td>\n",
       "    </tr>\n",
       "    <tr>\n",
       "      <th>2</th>\n",
       "      <td>22.11.2020</td>\n",
       "      <td>22,48</td>\n",
       "      <td>22,24</td>\n",
       "      <td>23,98</td>\n",
       "      <td>21,98</td>\n",
       "      <td>12,85M</td>\n",
       "      <td>1,35%</td>\n",
       "      <td>AEFES</td>\n",
       "    </tr>\n",
       "    <tr>\n",
       "      <th>3</th>\n",
       "      <td>15.11.2020</td>\n",
       "      <td>22,18</td>\n",
       "      <td>22,64</td>\n",
       "      <td>22,82</td>\n",
       "      <td>21,38</td>\n",
       "      <td>10,99M</td>\n",
       "      <td>-1,86%</td>\n",
       "      <td>AEFES</td>\n",
       "    </tr>\n",
       "    <tr>\n",
       "      <th>4</th>\n",
       "      <td>08.11.2020</td>\n",
       "      <td>22,60</td>\n",
       "      <td>21,64</td>\n",
       "      <td>22,90</td>\n",
       "      <td>21,20</td>\n",
       "      <td>13,11M</td>\n",
       "      <td>5,81%</td>\n",
       "      <td>AEFES</td>\n",
       "    </tr>\n",
       "  </tbody>\n",
       "</table>\n",
       "</div>"
      ],
      "text/plain": [
       "        Tarih  Şimdi Açılış Yüksek  Düşük    Hac.  Fark % Şirket\n",
       "0  06.12.2020  21,72  22,14  22,68  21,62   3,54M  -1,90%  AEFES\n",
       "1  29.11.2020  22,14  22,46  22,82  20,94  44,57M  -1,51%  AEFES\n",
       "2  22.11.2020  22,48  22,24  23,98  21,98  12,85M   1,35%  AEFES\n",
       "3  15.11.2020  22,18  22,64  22,82  21,38  10,99M  -1,86%  AEFES\n",
       "4  08.11.2020  22,60  21,64  22,90  21,20  13,11M   5,81%  AEFES"
      ]
     },
     "execution_count": 3,
     "metadata": {},
     "output_type": "execute_result"
    }
   ],
   "source": [
    "def import_and_prepare_data():\n",
    "    path = os.path.join(os.getcwd(), \"data\")\n",
    "    files = [file for file in os.listdir(path) if file.endswith(\"csv\")]\n",
    "\n",
    "    data = pd.DataFrame()\n",
    "    for file in files:\n",
    "        file_data = pd.read_csv(os.path.join(path,file))\n",
    "        file_data[\"Şirket\"] = file[: file.find(\" \")]\n",
    "        data = data.append(file_data)\n",
    "    return data\n",
    "\n",
    "try:\n",
    "    data = pd.read_csv(\"https://raw.githubusercontent.com/ahmetsirel/ETM959_Risk_Project/master/data.csv\", sep=';')\n",
    "except:\n",
    "    data = import_and_prepare_data()\n",
    "    data.to_csv(\"data.csv\", sep=';', index=False)\n",
    "    print(\"data prepared from raw files\")\n",
    "    \n",
    "data.head(5)"
   ]
  },
  {
   "cell_type": "code",
   "execution_count": 4,
   "metadata": {},
   "outputs": [
    {
     "data": {
      "text/plain": [
       "array(['AEFES', 'AKBNK', 'DEVA', 'DGKLB', 'ECILC', 'ENJSA', 'ENKAI',\n",
       "       'GOLTS', 'IHLGM', 'SISE', 'THYAO', 'TTKOM', 'TTRAK', 'ULKER',\n",
       "       'VESTL'], dtype=object)"
      ]
     },
     "execution_count": 4,
     "metadata": {},
     "output_type": "execute_result"
    }
   ],
   "source": [
    "# Selected assests\n",
    "data['Şirket'].unique()"
   ]
  },
  {
   "cell_type": "code",
   "execution_count": 5,
   "metadata": {},
   "outputs": [
    {
     "data": {
      "text/html": [
       "<div>\n",
       "<style scoped>\n",
       "    .dataframe tbody tr th:only-of-type {\n",
       "        vertical-align: middle;\n",
       "    }\n",
       "\n",
       "    .dataframe tbody tr th {\n",
       "        vertical-align: top;\n",
       "    }\n",
       "\n",
       "    .dataframe thead th {\n",
       "        text-align: right;\n",
       "    }\n",
       "</style>\n",
       "<table border=\"1\" class=\"dataframe\">\n",
       "  <thead>\n",
       "    <tr style=\"text-align: right;\">\n",
       "      <th></th>\n",
       "      <th>Şirket</th>\n",
       "      <th>Tarih</th>\n",
       "      <th>Şimdi</th>\n",
       "      <th>return</th>\n",
       "    </tr>\n",
       "  </thead>\n",
       "  <tbody>\n",
       "    <tr>\n",
       "      <th>0</th>\n",
       "      <td>AEFES</td>\n",
       "      <td>2020-12-06</td>\n",
       "      <td>21.72</td>\n",
       "      <td>-0.019</td>\n",
       "    </tr>\n",
       "    <tr>\n",
       "      <th>1</th>\n",
       "      <td>AEFES</td>\n",
       "      <td>2020-11-29</td>\n",
       "      <td>22.14</td>\n",
       "      <td>-0.015</td>\n",
       "    </tr>\n",
       "    <tr>\n",
       "      <th>2</th>\n",
       "      <td>AEFES</td>\n",
       "      <td>2020-11-22</td>\n",
       "      <td>22.48</td>\n",
       "      <td>0.014</td>\n",
       "    </tr>\n",
       "    <tr>\n",
       "      <th>3</th>\n",
       "      <td>AEFES</td>\n",
       "      <td>2020-11-15</td>\n",
       "      <td>22.18</td>\n",
       "      <td>-0.019</td>\n",
       "    </tr>\n",
       "    <tr>\n",
       "      <th>4</th>\n",
       "      <td>AEFES</td>\n",
       "      <td>2020-11-08</td>\n",
       "      <td>22.60</td>\n",
       "      <td>0.058</td>\n",
       "    </tr>\n",
       "  </tbody>\n",
       "</table>\n",
       "</div>"
      ],
      "text/plain": [
       "  Şirket      Tarih  Şimdi  return\n",
       "0  AEFES 2020-12-06  21.72  -0.019\n",
       "1  AEFES 2020-11-29  22.14  -0.015\n",
       "2  AEFES 2020-11-22  22.48   0.014\n",
       "3  AEFES 2020-11-15  22.18  -0.019\n",
       "4  AEFES 2020-11-08  22.60   0.058"
      ]
     },
     "execution_count": 5,
     "metadata": {},
     "output_type": "execute_result"
    }
   ],
   "source": [
    "# Process Columns\n",
    "data.rename({\"Fark %\": \"return\"}, axis=1, inplace=True)\n",
    "data[\"Tarih\"] = pd.to_datetime(data[\"Tarih\"], dayfirst=True)\n",
    "data[[\"Şimdi\", \"Açılış\", \"Yüksek\", \"Düşük\"]] = data[\n",
    "    [\"Şimdi\", \"Açılış\", \"Yüksek\", \"Düşük\"]\n",
    "].applymap(lambda x: round(float(str(x).replace(\",\", \".\")), 3))\n",
    "data[\"return\"] = data[\"return\"].apply(\n",
    "    lambda x: round(float(str(x).replace(\",\", \".\").replace(\"%\", \"\")) / 100, 3)\n",
    ")\n",
    "data = data[[\"Şirket\", \"Tarih\", \"Şimdi\", \"return\"]]\n",
    "\n",
    "data.head()"
   ]
  },
  {
   "cell_type": "markdown",
   "metadata": {},
   "source": [
    "### Interest Rates\n",
    "\n",
    "Weekly interest rate is calculated as follows, \\begin{equation*} weekly\\ interest = (annual\\ interest / 365) * 7 \\end{equation*}\n",
    "\n",
    "Source:  \n",
    "https://www.tcmb.gov.tr/wps/wcm/connect/TR/TCMB+TR/Main+Menu/Temel+Faaliyetler/Para+Politikasi/Merkez+Bankasi+Faiz+Oranlari/1+Hafta+Repo"
   ]
  },
  {
   "cell_type": "code",
   "execution_count": 6,
   "metadata": {},
   "outputs": [
    {
     "data": {
      "text/html": [
       "<div>\n",
       "<style scoped>\n",
       "    .dataframe tbody tr th:only-of-type {\n",
       "        vertical-align: middle;\n",
       "    }\n",
       "\n",
       "    .dataframe tbody tr th {\n",
       "        vertical-align: top;\n",
       "    }\n",
       "\n",
       "    .dataframe thead th {\n",
       "        text-align: right;\n",
       "    }\n",
       "</style>\n",
       "<table border=\"1\" class=\"dataframe\">\n",
       "  <thead>\n",
       "    <tr style=\"text-align: right;\">\n",
       "      <th></th>\n",
       "      <th>rate</th>\n",
       "    </tr>\n",
       "    <tr>\n",
       "      <th>date</th>\n",
       "      <th></th>\n",
       "    </tr>\n",
       "  </thead>\n",
       "  <tbody>\n",
       "    <tr>\n",
       "      <th>2020-11-20</th>\n",
       "      <td>0.002877</td>\n",
       "    </tr>\n",
       "    <tr>\n",
       "      <th>2020-09-25</th>\n",
       "      <td>0.001966</td>\n",
       "    </tr>\n",
       "    <tr>\n",
       "      <th>2020-05-22</th>\n",
       "      <td>0.001582</td>\n",
       "    </tr>\n",
       "    <tr>\n",
       "      <th>2020-04-23</th>\n",
       "      <td>0.001678</td>\n",
       "    </tr>\n",
       "    <tr>\n",
       "      <th>2020-03-18</th>\n",
       "      <td>0.001870</td>\n",
       "    </tr>\n",
       "  </tbody>\n",
       "</table>\n",
       "</div>"
      ],
      "text/plain": [
       "                rate\n",
       "date                \n",
       "2020-11-20  0.002877\n",
       "2020-09-25  0.001966\n",
       "2020-05-22  0.001582\n",
       "2020-04-23  0.001678\n",
       "2020-03-18  0.001870"
      ]
     },
     "execution_count": 6,
     "metadata": {},
     "output_type": "execute_result"
    }
   ],
   "source": [
    "#Interst Rates\n",
    "interest_rates = pd.DataFrame([[\"13 09 2019\",\t16.50],\n",
    "                                [\"25 10 2019\",\t14.00],\n",
    "                                [\"13 12 2019\",\t12.00],\n",
    "                                [\"17 01 2020\",\t11.25],\n",
    "                                [\"20 02 2020\",\t10.75],\n",
    "                                [\"18 03 2020\",\t9.75],\n",
    "                                [\"23 04 2020\",\t8.75],\n",
    "                                [\"22 05 2020\",\t8.25],\n",
    "                                [\"25 09 2020\",\t10.25],\n",
    "                                [\"20 11 2020\",\t15.00]],\n",
    "                            columns=[\"date\", \"rate\"])\n",
    "interest_rates[\"date\"] = pd.to_datetime(interest_rates[\"date\"], dayfirst=True) \n",
    "interest_rates[\"rate\"] = interest_rates[\"rate\"] / 100\n",
    "interest_rates = interest_rates.set_index(\"date\")\n",
    "interest_rates = (interest_rates / 365) * 7 #convert to weekly interest\n",
    "interest_rates = interest_rates.sort_index(ascending=False)\n",
    "interest_rates.head()"
   ]
  },
  {
   "cell_type": "markdown",
   "metadata": {},
   "source": [
    "####  Calculate net return by substracting the weekly inflation rate from weekly return"
   ]
  },
  {
   "cell_type": "code",
   "execution_count": 7,
   "metadata": {},
   "outputs": [
    {
     "data": {
      "text/html": [
       "<div>\n",
       "<style scoped>\n",
       "    .dataframe tbody tr th:only-of-type {\n",
       "        vertical-align: middle;\n",
       "    }\n",
       "\n",
       "    .dataframe tbody tr th {\n",
       "        vertical-align: top;\n",
       "    }\n",
       "\n",
       "    .dataframe thead th {\n",
       "        text-align: right;\n",
       "    }\n",
       "</style>\n",
       "<table border=\"1\" class=\"dataframe\">\n",
       "  <thead>\n",
       "    <tr style=\"text-align: right;\">\n",
       "      <th></th>\n",
       "      <th>Şirket</th>\n",
       "      <th>Tarih</th>\n",
       "      <th>Şimdi</th>\n",
       "      <th>return</th>\n",
       "      <th>inflation</th>\n",
       "      <th>net_return</th>\n",
       "    </tr>\n",
       "  </thead>\n",
       "  <tbody>\n",
       "    <tr>\n",
       "      <th>51</th>\n",
       "      <td>AEFES</td>\n",
       "      <td>2019-12-15</td>\n",
       "      <td>22.32</td>\n",
       "      <td>0.013</td>\n",
       "      <td>0.002301</td>\n",
       "      <td>0.010699</td>\n",
       "    </tr>\n",
       "    <tr>\n",
       "      <th>50</th>\n",
       "      <td>AEFES</td>\n",
       "      <td>2019-12-22</td>\n",
       "      <td>23.34</td>\n",
       "      <td>0.046</td>\n",
       "      <td>0.002301</td>\n",
       "      <td>0.043699</td>\n",
       "    </tr>\n",
       "    <tr>\n",
       "      <th>49</th>\n",
       "      <td>AEFES</td>\n",
       "      <td>2019-12-29</td>\n",
       "      <td>23.08</td>\n",
       "      <td>-0.011</td>\n",
       "      <td>0.002301</td>\n",
       "      <td>-0.013301</td>\n",
       "    </tr>\n",
       "    <tr>\n",
       "      <th>48</th>\n",
       "      <td>AEFES</td>\n",
       "      <td>2020-01-05</td>\n",
       "      <td>23.62</td>\n",
       "      <td>0.023</td>\n",
       "      <td>0.002301</td>\n",
       "      <td>0.020699</td>\n",
       "    </tr>\n",
       "    <tr>\n",
       "      <th>47</th>\n",
       "      <td>AEFES</td>\n",
       "      <td>2020-01-12</td>\n",
       "      <td>25.58</td>\n",
       "      <td>0.083</td>\n",
       "      <td>0.002301</td>\n",
       "      <td>0.080699</td>\n",
       "    </tr>\n",
       "  </tbody>\n",
       "</table>\n",
       "</div>"
      ],
      "text/plain": [
       "   Şirket      Tarih  Şimdi  return  inflation  net_return\n",
       "51  AEFES 2019-12-15  22.32   0.013   0.002301    0.010699\n",
       "50  AEFES 2019-12-22  23.34   0.046   0.002301    0.043699\n",
       "49  AEFES 2019-12-29  23.08  -0.011   0.002301   -0.013301\n",
       "48  AEFES 2020-01-05  23.62   0.023   0.002301    0.020699\n",
       "47  AEFES 2020-01-12  25.58   0.083   0.002301    0.080699"
      ]
     },
     "execution_count": 7,
     "metadata": {},
     "output_type": "execute_result"
    }
   ],
   "source": [
    "def get_interst(date_):\n",
    "    return interest_rates[interest_rates.index <=date_].head(1)[\"rate\"].values[0]\n",
    "data[\"inflation\"] = data.apply(lambda row: get_interst(row[\"Tarih\"]) ,axis=1)\n",
    "data[\"net_return\"] = data[\"return\"] - data[\"inflation\"]\n",
    "\n",
    "data = data.sort_values([\"Şirket\", \"Tarih\"])\n",
    "data.head()"
   ]
  },
  {
   "cell_type": "markdown",
   "metadata": {},
   "source": [
    "# Aggregate data\n",
    "### Calculate mean & standard deviation for each stock"
   ]
  },
  {
   "cell_type": "code",
   "execution_count": 8,
   "metadata": {},
   "outputs": [],
   "source": [
    "#Mean & Standard Deviations for weekly return\n",
    "data_agg = data.groupby(\"Şirket\").agg({\"return\": [\"mean\",\"std\"]})\n",
    "data_agg.columns = data_agg.columns.get_level_values(1)\n",
    "mean_returns = data_agg[\"mean\"]\n",
    "\n",
    "#Mean & Standard Deviations for weekly net return\n",
    "data_agg_net = data.groupby(\"Şirket\").agg({\"net_return\": [\"mean\", \"std\"]})\n",
    "data_agg_net.columns = data_agg_net.columns.get_level_values(1)\n",
    "mean_net_returns = data_agg_net[\"mean\"]"
   ]
  },
  {
   "cell_type": "markdown",
   "metadata": {},
   "source": [
    "# Covariance Calculation"
   ]
  },
  {
   "cell_type": "code",
   "execution_count": 9,
   "metadata": {},
   "outputs": [],
   "source": [
    "# Cov for weekly return\n",
    "cov_data = pd.DataFrame()\n",
    "for company in data[\"Şirket\"].unique():\n",
    "    current = data[data[\"Şirket\"] == company][\"return\"].rename(company).reset_index(drop=True)\n",
    "    cov_data = pd.concat([cov_data, current], axis=1)\n",
    "cov = cov_data.cov()\n",
    "\n",
    "# Cov for weekly net return\n",
    "cov_data_net = pd.DataFrame()\n",
    "for company in data[\"Şirket\"].unique():\n",
    "    current_ = data[data[\"Şirket\"] == company][\"net_return\"].rename(company).reset_index(drop=True)\n",
    "    cov_data_net = pd.concat([cov_data_net, current_], axis=1)\n",
    "cov_net = cov_data_net.cov()"
   ]
  },
  {
   "cell_type": "code",
   "execution_count": 10,
   "metadata": {},
   "outputs": [
    {
     "data": {
      "text/html": [
       "<div>\n",
       "<style scoped>\n",
       "    .dataframe tbody tr th:only-of-type {\n",
       "        vertical-align: middle;\n",
       "    }\n",
       "\n",
       "    .dataframe tbody tr th {\n",
       "        vertical-align: top;\n",
       "    }\n",
       "\n",
       "    .dataframe thead th {\n",
       "        text-align: right;\n",
       "    }\n",
       "</style>\n",
       "<table border=\"1\" class=\"dataframe\">\n",
       "  <thead>\n",
       "    <tr style=\"text-align: right;\">\n",
       "      <th></th>\n",
       "      <th>AEFES</th>\n",
       "      <th>AKBNK</th>\n",
       "      <th>DEVA</th>\n",
       "      <th>DGKLB</th>\n",
       "      <th>ECILC</th>\n",
       "      <th>ENJSA</th>\n",
       "      <th>ENKAI</th>\n",
       "      <th>GOLTS</th>\n",
       "      <th>IHLGM</th>\n",
       "      <th>SISE</th>\n",
       "      <th>THYAO</th>\n",
       "      <th>TTKOM</th>\n",
       "      <th>TTRAK</th>\n",
       "      <th>ULKER</th>\n",
       "      <th>VESTL</th>\n",
       "    </tr>\n",
       "  </thead>\n",
       "  <tbody>\n",
       "    <tr>\n",
       "      <th>AEFES</th>\n",
       "      <td>0.002998</td>\n",
       "      <td>0.002193</td>\n",
       "      <td>0.000948</td>\n",
       "      <td>0.002333</td>\n",
       "      <td>0.000426</td>\n",
       "      <td>0.001271</td>\n",
       "      <td>0.000660</td>\n",
       "      <td>0.002302</td>\n",
       "      <td>0.002244</td>\n",
       "      <td>0.001525</td>\n",
       "      <td>0.002317</td>\n",
       "      <td>0.002115</td>\n",
       "      <td>0.001739</td>\n",
       "      <td>0.001849</td>\n",
       "      <td>0.002098</td>\n",
       "    </tr>\n",
       "    <tr>\n",
       "      <th>AKBNK</th>\n",
       "      <td>0.002193</td>\n",
       "      <td>0.003918</td>\n",
       "      <td>0.000899</td>\n",
       "      <td>0.001814</td>\n",
       "      <td>0.000825</td>\n",
       "      <td>0.001032</td>\n",
       "      <td>0.000482</td>\n",
       "      <td>0.002027</td>\n",
       "      <td>0.002299</td>\n",
       "      <td>0.001421</td>\n",
       "      <td>0.002904</td>\n",
       "      <td>0.002853</td>\n",
       "      <td>0.001702</td>\n",
       "      <td>0.001897</td>\n",
       "      <td>0.002190</td>\n",
       "    </tr>\n",
       "    <tr>\n",
       "      <th>DEVA</th>\n",
       "      <td>0.000948</td>\n",
       "      <td>0.000899</td>\n",
       "      <td>0.009104</td>\n",
       "      <td>0.002961</td>\n",
       "      <td>0.006473</td>\n",
       "      <td>0.001256</td>\n",
       "      <td>-0.000021</td>\n",
       "      <td>0.002131</td>\n",
       "      <td>0.001536</td>\n",
       "      <td>0.000334</td>\n",
       "      <td>0.001769</td>\n",
       "      <td>0.002081</td>\n",
       "      <td>0.001887</td>\n",
       "      <td>0.001552</td>\n",
       "      <td>0.001704</td>\n",
       "    </tr>\n",
       "    <tr>\n",
       "      <th>DGKLB</th>\n",
       "      <td>0.002333</td>\n",
       "      <td>0.001814</td>\n",
       "      <td>0.002961</td>\n",
       "      <td>0.008816</td>\n",
       "      <td>0.001931</td>\n",
       "      <td>0.001911</td>\n",
       "      <td>0.002231</td>\n",
       "      <td>0.003657</td>\n",
       "      <td>0.004289</td>\n",
       "      <td>0.001806</td>\n",
       "      <td>0.002962</td>\n",
       "      <td>0.002771</td>\n",
       "      <td>0.003574</td>\n",
       "      <td>0.002002</td>\n",
       "      <td>0.003496</td>\n",
       "    </tr>\n",
       "    <tr>\n",
       "      <th>ECILC</th>\n",
       "      <td>0.000426</td>\n",
       "      <td>0.000825</td>\n",
       "      <td>0.006473</td>\n",
       "      <td>0.001931</td>\n",
       "      <td>0.009053</td>\n",
       "      <td>-0.000039</td>\n",
       "      <td>0.000131</td>\n",
       "      <td>0.001606</td>\n",
       "      <td>0.003260</td>\n",
       "      <td>0.000316</td>\n",
       "      <td>0.001753</td>\n",
       "      <td>0.001951</td>\n",
       "      <td>0.001333</td>\n",
       "      <td>0.001196</td>\n",
       "      <td>0.001402</td>\n",
       "    </tr>\n",
       "    <tr>\n",
       "      <th>ENJSA</th>\n",
       "      <td>0.001271</td>\n",
       "      <td>0.001032</td>\n",
       "      <td>0.001256</td>\n",
       "      <td>0.001911</td>\n",
       "      <td>-0.000039</td>\n",
       "      <td>0.001804</td>\n",
       "      <td>0.000408</td>\n",
       "      <td>0.001776</td>\n",
       "      <td>0.001162</td>\n",
       "      <td>0.000730</td>\n",
       "      <td>0.001078</td>\n",
       "      <td>0.001211</td>\n",
       "      <td>0.001354</td>\n",
       "      <td>0.001019</td>\n",
       "      <td>0.001470</td>\n",
       "    </tr>\n",
       "    <tr>\n",
       "      <th>ENKAI</th>\n",
       "      <td>0.000660</td>\n",
       "      <td>0.000482</td>\n",
       "      <td>-0.000021</td>\n",
       "      <td>0.002231</td>\n",
       "      <td>0.000131</td>\n",
       "      <td>0.000408</td>\n",
       "      <td>0.001673</td>\n",
       "      <td>0.000836</td>\n",
       "      <td>0.001005</td>\n",
       "      <td>0.000823</td>\n",
       "      <td>0.000537</td>\n",
       "      <td>0.000548</td>\n",
       "      <td>0.001022</td>\n",
       "      <td>0.000640</td>\n",
       "      <td>0.001022</td>\n",
       "    </tr>\n",
       "    <tr>\n",
       "      <th>GOLTS</th>\n",
       "      <td>0.002302</td>\n",
       "      <td>0.002027</td>\n",
       "      <td>0.002131</td>\n",
       "      <td>0.003657</td>\n",
       "      <td>0.001606</td>\n",
       "      <td>0.001776</td>\n",
       "      <td>0.000836</td>\n",
       "      <td>0.006353</td>\n",
       "      <td>0.003488</td>\n",
       "      <td>0.001553</td>\n",
       "      <td>0.002502</td>\n",
       "      <td>0.002107</td>\n",
       "      <td>0.002989</td>\n",
       "      <td>0.002200</td>\n",
       "      <td>0.002901</td>\n",
       "    </tr>\n",
       "    <tr>\n",
       "      <th>IHLGM</th>\n",
       "      <td>0.002244</td>\n",
       "      <td>0.002299</td>\n",
       "      <td>0.001536</td>\n",
       "      <td>0.004289</td>\n",
       "      <td>0.003260</td>\n",
       "      <td>0.001162</td>\n",
       "      <td>0.001005</td>\n",
       "      <td>0.003488</td>\n",
       "      <td>0.008453</td>\n",
       "      <td>0.001548</td>\n",
       "      <td>0.003038</td>\n",
       "      <td>0.002635</td>\n",
       "      <td>0.003327</td>\n",
       "      <td>0.002759</td>\n",
       "      <td>0.003343</td>\n",
       "    </tr>\n",
       "    <tr>\n",
       "      <th>SISE</th>\n",
       "      <td>0.001525</td>\n",
       "      <td>0.001421</td>\n",
       "      <td>0.000334</td>\n",
       "      <td>0.001806</td>\n",
       "      <td>0.000316</td>\n",
       "      <td>0.000730</td>\n",
       "      <td>0.000823</td>\n",
       "      <td>0.001553</td>\n",
       "      <td>0.001548</td>\n",
       "      <td>0.002660</td>\n",
       "      <td>0.001674</td>\n",
       "      <td>0.001664</td>\n",
       "      <td>0.001386</td>\n",
       "      <td>0.001249</td>\n",
       "      <td>0.001445</td>\n",
       "    </tr>\n",
       "    <tr>\n",
       "      <th>THYAO</th>\n",
       "      <td>0.002317</td>\n",
       "      <td>0.002904</td>\n",
       "      <td>0.001769</td>\n",
       "      <td>0.002962</td>\n",
       "      <td>0.001753</td>\n",
       "      <td>0.001078</td>\n",
       "      <td>0.000537</td>\n",
       "      <td>0.002502</td>\n",
       "      <td>0.003038</td>\n",
       "      <td>0.001674</td>\n",
       "      <td>0.004382</td>\n",
       "      <td>0.002837</td>\n",
       "      <td>0.001838</td>\n",
       "      <td>0.001613</td>\n",
       "      <td>0.003005</td>\n",
       "    </tr>\n",
       "    <tr>\n",
       "      <th>TTKOM</th>\n",
       "      <td>0.002115</td>\n",
       "      <td>0.002853</td>\n",
       "      <td>0.002081</td>\n",
       "      <td>0.002771</td>\n",
       "      <td>0.001951</td>\n",
       "      <td>0.001211</td>\n",
       "      <td>0.000548</td>\n",
       "      <td>0.002107</td>\n",
       "      <td>0.002635</td>\n",
       "      <td>0.001664</td>\n",
       "      <td>0.002837</td>\n",
       "      <td>0.003567</td>\n",
       "      <td>0.001902</td>\n",
       "      <td>0.001899</td>\n",
       "      <td>0.002566</td>\n",
       "    </tr>\n",
       "    <tr>\n",
       "      <th>TTRAK</th>\n",
       "      <td>0.001739</td>\n",
       "      <td>0.001702</td>\n",
       "      <td>0.001887</td>\n",
       "      <td>0.003574</td>\n",
       "      <td>0.001333</td>\n",
       "      <td>0.001354</td>\n",
       "      <td>0.001022</td>\n",
       "      <td>0.002989</td>\n",
       "      <td>0.003327</td>\n",
       "      <td>0.001386</td>\n",
       "      <td>0.001838</td>\n",
       "      <td>0.001902</td>\n",
       "      <td>0.004733</td>\n",
       "      <td>0.002205</td>\n",
       "      <td>0.002503</td>\n",
       "    </tr>\n",
       "    <tr>\n",
       "      <th>ULKER</th>\n",
       "      <td>0.001849</td>\n",
       "      <td>0.001897</td>\n",
       "      <td>0.001552</td>\n",
       "      <td>0.002002</td>\n",
       "      <td>0.001196</td>\n",
       "      <td>0.001019</td>\n",
       "      <td>0.000640</td>\n",
       "      <td>0.002200</td>\n",
       "      <td>0.002759</td>\n",
       "      <td>0.001249</td>\n",
       "      <td>0.001613</td>\n",
       "      <td>0.001899</td>\n",
       "      <td>0.002205</td>\n",
       "      <td>0.002933</td>\n",
       "      <td>0.002181</td>\n",
       "    </tr>\n",
       "    <tr>\n",
       "      <th>VESTL</th>\n",
       "      <td>0.002098</td>\n",
       "      <td>0.002190</td>\n",
       "      <td>0.001704</td>\n",
       "      <td>0.003496</td>\n",
       "      <td>0.001402</td>\n",
       "      <td>0.001470</td>\n",
       "      <td>0.001022</td>\n",
       "      <td>0.002901</td>\n",
       "      <td>0.003343</td>\n",
       "      <td>0.001445</td>\n",
       "      <td>0.003005</td>\n",
       "      <td>0.002566</td>\n",
       "      <td>0.002503</td>\n",
       "      <td>0.002181</td>\n",
       "      <td>0.004671</td>\n",
       "    </tr>\n",
       "  </tbody>\n",
       "</table>\n",
       "</div>"
      ],
      "text/plain": [
       "          AEFES     AKBNK      DEVA     DGKLB     ECILC     ENJSA     ENKAI  \\\n",
       "AEFES  0.002998  0.002193  0.000948  0.002333  0.000426  0.001271  0.000660   \n",
       "AKBNK  0.002193  0.003918  0.000899  0.001814  0.000825  0.001032  0.000482   \n",
       "DEVA   0.000948  0.000899  0.009104  0.002961  0.006473  0.001256 -0.000021   \n",
       "DGKLB  0.002333  0.001814  0.002961  0.008816  0.001931  0.001911  0.002231   \n",
       "ECILC  0.000426  0.000825  0.006473  0.001931  0.009053 -0.000039  0.000131   \n",
       "ENJSA  0.001271  0.001032  0.001256  0.001911 -0.000039  0.001804  0.000408   \n",
       "ENKAI  0.000660  0.000482 -0.000021  0.002231  0.000131  0.000408  0.001673   \n",
       "GOLTS  0.002302  0.002027  0.002131  0.003657  0.001606  0.001776  0.000836   \n",
       "IHLGM  0.002244  0.002299  0.001536  0.004289  0.003260  0.001162  0.001005   \n",
       "SISE   0.001525  0.001421  0.000334  0.001806  0.000316  0.000730  0.000823   \n",
       "THYAO  0.002317  0.002904  0.001769  0.002962  0.001753  0.001078  0.000537   \n",
       "TTKOM  0.002115  0.002853  0.002081  0.002771  0.001951  0.001211  0.000548   \n",
       "TTRAK  0.001739  0.001702  0.001887  0.003574  0.001333  0.001354  0.001022   \n",
       "ULKER  0.001849  0.001897  0.001552  0.002002  0.001196  0.001019  0.000640   \n",
       "VESTL  0.002098  0.002190  0.001704  0.003496  0.001402  0.001470  0.001022   \n",
       "\n",
       "          GOLTS     IHLGM      SISE     THYAO     TTKOM     TTRAK     ULKER  \\\n",
       "AEFES  0.002302  0.002244  0.001525  0.002317  0.002115  0.001739  0.001849   \n",
       "AKBNK  0.002027  0.002299  0.001421  0.002904  0.002853  0.001702  0.001897   \n",
       "DEVA   0.002131  0.001536  0.000334  0.001769  0.002081  0.001887  0.001552   \n",
       "DGKLB  0.003657  0.004289  0.001806  0.002962  0.002771  0.003574  0.002002   \n",
       "ECILC  0.001606  0.003260  0.000316  0.001753  0.001951  0.001333  0.001196   \n",
       "ENJSA  0.001776  0.001162  0.000730  0.001078  0.001211  0.001354  0.001019   \n",
       "ENKAI  0.000836  0.001005  0.000823  0.000537  0.000548  0.001022  0.000640   \n",
       "GOLTS  0.006353  0.003488  0.001553  0.002502  0.002107  0.002989  0.002200   \n",
       "IHLGM  0.003488  0.008453  0.001548  0.003038  0.002635  0.003327  0.002759   \n",
       "SISE   0.001553  0.001548  0.002660  0.001674  0.001664  0.001386  0.001249   \n",
       "THYAO  0.002502  0.003038  0.001674  0.004382  0.002837  0.001838  0.001613   \n",
       "TTKOM  0.002107  0.002635  0.001664  0.002837  0.003567  0.001902  0.001899   \n",
       "TTRAK  0.002989  0.003327  0.001386  0.001838  0.001902  0.004733  0.002205   \n",
       "ULKER  0.002200  0.002759  0.001249  0.001613  0.001899  0.002205  0.002933   \n",
       "VESTL  0.002901  0.003343  0.001445  0.003005  0.002566  0.002503  0.002181   \n",
       "\n",
       "          VESTL  \n",
       "AEFES  0.002098  \n",
       "AKBNK  0.002190  \n",
       "DEVA   0.001704  \n",
       "DGKLB  0.003496  \n",
       "ECILC  0.001402  \n",
       "ENJSA  0.001470  \n",
       "ENKAI  0.001022  \n",
       "GOLTS  0.002901  \n",
       "IHLGM  0.003343  \n",
       "SISE   0.001445  \n",
       "THYAO  0.003005  \n",
       "TTKOM  0.002566  \n",
       "TTRAK  0.002503  \n",
       "ULKER  0.002181  \n",
       "VESTL  0.004671  "
      ]
     },
     "execution_count": 10,
     "metadata": {},
     "output_type": "execute_result"
    }
   ],
   "source": [
    "cov # Cov for weekly return"
   ]
  },
  {
   "cell_type": "code",
   "execution_count": 11,
   "metadata": {},
   "outputs": [
    {
     "data": {
      "text/html": [
       "<div>\n",
       "<style scoped>\n",
       "    .dataframe tbody tr th:only-of-type {\n",
       "        vertical-align: middle;\n",
       "    }\n",
       "\n",
       "    .dataframe tbody tr th {\n",
       "        vertical-align: top;\n",
       "    }\n",
       "\n",
       "    .dataframe thead th {\n",
       "        text-align: right;\n",
       "    }\n",
       "</style>\n",
       "<table border=\"1\" class=\"dataframe\">\n",
       "  <thead>\n",
       "    <tr style=\"text-align: right;\">\n",
       "      <th></th>\n",
       "      <th>AEFES</th>\n",
       "      <th>AKBNK</th>\n",
       "      <th>DEVA</th>\n",
       "      <th>DGKLB</th>\n",
       "      <th>ECILC</th>\n",
       "      <th>ENJSA</th>\n",
       "      <th>ENKAI</th>\n",
       "      <th>GOLTS</th>\n",
       "      <th>IHLGM</th>\n",
       "      <th>SISE</th>\n",
       "      <th>THYAO</th>\n",
       "      <th>TTKOM</th>\n",
       "      <th>TTRAK</th>\n",
       "      <th>ULKER</th>\n",
       "      <th>VESTL</th>\n",
       "    </tr>\n",
       "  </thead>\n",
       "  <tbody>\n",
       "    <tr>\n",
       "      <th>AEFES</th>\n",
       "      <td>0.003001</td>\n",
       "      <td>0.002195</td>\n",
       "      <td>0.000951</td>\n",
       "      <td>0.002339</td>\n",
       "      <td>0.000429</td>\n",
       "      <td>0.001272</td>\n",
       "      <td>0.000663</td>\n",
       "      <td>0.002303</td>\n",
       "      <td>0.002246</td>\n",
       "      <td>0.001529</td>\n",
       "      <td>0.002319</td>\n",
       "      <td>0.002116</td>\n",
       "      <td>0.001743</td>\n",
       "      <td>0.001851</td>\n",
       "      <td>0.002099</td>\n",
       "    </tr>\n",
       "    <tr>\n",
       "      <th>AKBNK</th>\n",
       "      <td>0.002195</td>\n",
       "      <td>0.003919</td>\n",
       "      <td>0.000901</td>\n",
       "      <td>0.001818</td>\n",
       "      <td>0.000828</td>\n",
       "      <td>0.001032</td>\n",
       "      <td>0.000484</td>\n",
       "      <td>0.002028</td>\n",
       "      <td>0.002300</td>\n",
       "      <td>0.001424</td>\n",
       "      <td>0.002905</td>\n",
       "      <td>0.002853</td>\n",
       "      <td>0.001705</td>\n",
       "      <td>0.001898</td>\n",
       "      <td>0.002191</td>\n",
       "    </tr>\n",
       "    <tr>\n",
       "      <th>DEVA</th>\n",
       "      <td>0.000951</td>\n",
       "      <td>0.000901</td>\n",
       "      <td>0.009107</td>\n",
       "      <td>0.002967</td>\n",
       "      <td>0.006476</td>\n",
       "      <td>0.001256</td>\n",
       "      <td>-0.000018</td>\n",
       "      <td>0.002132</td>\n",
       "      <td>0.001538</td>\n",
       "      <td>0.000337</td>\n",
       "      <td>0.001771</td>\n",
       "      <td>0.002082</td>\n",
       "      <td>0.001891</td>\n",
       "      <td>0.001554</td>\n",
       "      <td>0.001705</td>\n",
       "    </tr>\n",
       "    <tr>\n",
       "      <th>DGKLB</th>\n",
       "      <td>0.002339</td>\n",
       "      <td>0.001818</td>\n",
       "      <td>0.002967</td>\n",
       "      <td>0.008825</td>\n",
       "      <td>0.001937</td>\n",
       "      <td>0.001914</td>\n",
       "      <td>0.002238</td>\n",
       "      <td>0.003661</td>\n",
       "      <td>0.004295</td>\n",
       "      <td>0.001813</td>\n",
       "      <td>0.002967</td>\n",
       "      <td>0.002775</td>\n",
       "      <td>0.003581</td>\n",
       "      <td>0.002007</td>\n",
       "      <td>0.003501</td>\n",
       "    </tr>\n",
       "    <tr>\n",
       "      <th>ECILC</th>\n",
       "      <td>0.000429</td>\n",
       "      <td>0.000828</td>\n",
       "      <td>0.006476</td>\n",
       "      <td>0.001937</td>\n",
       "      <td>0.009057</td>\n",
       "      <td>-0.000038</td>\n",
       "      <td>0.000135</td>\n",
       "      <td>0.001608</td>\n",
       "      <td>0.003262</td>\n",
       "      <td>0.000321</td>\n",
       "      <td>0.001755</td>\n",
       "      <td>0.001953</td>\n",
       "      <td>0.001338</td>\n",
       "      <td>0.001198</td>\n",
       "      <td>0.001404</td>\n",
       "    </tr>\n",
       "    <tr>\n",
       "      <th>ENJSA</th>\n",
       "      <td>0.001272</td>\n",
       "      <td>0.001032</td>\n",
       "      <td>0.001256</td>\n",
       "      <td>0.001914</td>\n",
       "      <td>-0.000038</td>\n",
       "      <td>0.001803</td>\n",
       "      <td>0.000409</td>\n",
       "      <td>0.001776</td>\n",
       "      <td>0.001162</td>\n",
       "      <td>0.000731</td>\n",
       "      <td>0.001078</td>\n",
       "      <td>0.001210</td>\n",
       "      <td>0.001356</td>\n",
       "      <td>0.001018</td>\n",
       "      <td>0.001469</td>\n",
       "    </tr>\n",
       "    <tr>\n",
       "      <th>ENKAI</th>\n",
       "      <td>0.000663</td>\n",
       "      <td>0.000484</td>\n",
       "      <td>-0.000018</td>\n",
       "      <td>0.002238</td>\n",
       "      <td>0.000135</td>\n",
       "      <td>0.000409</td>\n",
       "      <td>0.001678</td>\n",
       "      <td>0.000839</td>\n",
       "      <td>0.001008</td>\n",
       "      <td>0.000827</td>\n",
       "      <td>0.000540</td>\n",
       "      <td>0.000550</td>\n",
       "      <td>0.001027</td>\n",
       "      <td>0.000643</td>\n",
       "      <td>0.001024</td>\n",
       "    </tr>\n",
       "    <tr>\n",
       "      <th>GOLTS</th>\n",
       "      <td>0.002303</td>\n",
       "      <td>0.002028</td>\n",
       "      <td>0.002132</td>\n",
       "      <td>0.003661</td>\n",
       "      <td>0.001608</td>\n",
       "      <td>0.001776</td>\n",
       "      <td>0.000839</td>\n",
       "      <td>0.006354</td>\n",
       "      <td>0.003489</td>\n",
       "      <td>0.001556</td>\n",
       "      <td>0.002503</td>\n",
       "      <td>0.002108</td>\n",
       "      <td>0.002992</td>\n",
       "      <td>0.002201</td>\n",
       "      <td>0.002902</td>\n",
       "    </tr>\n",
       "    <tr>\n",
       "      <th>IHLGM</th>\n",
       "      <td>0.002246</td>\n",
       "      <td>0.002300</td>\n",
       "      <td>0.001538</td>\n",
       "      <td>0.004295</td>\n",
       "      <td>0.003262</td>\n",
       "      <td>0.001162</td>\n",
       "      <td>0.001008</td>\n",
       "      <td>0.003489</td>\n",
       "      <td>0.008455</td>\n",
       "      <td>0.001551</td>\n",
       "      <td>0.003039</td>\n",
       "      <td>0.002636</td>\n",
       "      <td>0.003330</td>\n",
       "      <td>0.002761</td>\n",
       "      <td>0.003344</td>\n",
       "    </tr>\n",
       "    <tr>\n",
       "      <th>SISE</th>\n",
       "      <td>0.001529</td>\n",
       "      <td>0.001424</td>\n",
       "      <td>0.000337</td>\n",
       "      <td>0.001813</td>\n",
       "      <td>0.000321</td>\n",
       "      <td>0.000731</td>\n",
       "      <td>0.000827</td>\n",
       "      <td>0.001556</td>\n",
       "      <td>0.001551</td>\n",
       "      <td>0.002665</td>\n",
       "      <td>0.001677</td>\n",
       "      <td>0.001666</td>\n",
       "      <td>0.001391</td>\n",
       "      <td>0.001251</td>\n",
       "      <td>0.001448</td>\n",
       "    </tr>\n",
       "    <tr>\n",
       "      <th>THYAO</th>\n",
       "      <td>0.002319</td>\n",
       "      <td>0.002905</td>\n",
       "      <td>0.001771</td>\n",
       "      <td>0.002967</td>\n",
       "      <td>0.001755</td>\n",
       "      <td>0.001078</td>\n",
       "      <td>0.000540</td>\n",
       "      <td>0.002503</td>\n",
       "      <td>0.003039</td>\n",
       "      <td>0.001677</td>\n",
       "      <td>0.004383</td>\n",
       "      <td>0.002837</td>\n",
       "      <td>0.001841</td>\n",
       "      <td>0.001614</td>\n",
       "      <td>0.003006</td>\n",
       "    </tr>\n",
       "    <tr>\n",
       "      <th>TTKOM</th>\n",
       "      <td>0.002116</td>\n",
       "      <td>0.002853</td>\n",
